task_num:6
con_layer1:128
con_layer1_filter:8
con_layer2:64
con_layer2_filter:4
lstm_layer:64
drop:0.2
r_drop:0.2
l2_value:0.001
shared_layer:576
dense_num:64
Accuracy: 0.9053752535496957 TPR: 0.8824427480916031 TNR: 0.9064379200565971 Bacc: 0.8944403340741001
Accuracy: 0.9424273157538877 TPR: 0.5807339449541284 TNR: 0.9712043795620438 Bacc: 0.7759691622580861
Accuracy: 0.8549019607843137 TPR: 0.8049408131755018 TNR: 0.8584144444042406 Bacc: 0.8316776287898713
Accuracy: 0.9413116970926302 TPR: 0.9888579387186629 TNR: 0.9382400575850279 Bacc: 0.9635489981518455
Accuracy: 0.8900608519269777 TPR: 0.5814360770577933 TNR: 0.9090321886101841 Bacc: 0.7452341328339886
Accuracy: 0.9260987153482082 TPR: 0.6149208741522231 TNR: 0.9567704077842977 Bacc: 0.7858456409682604
sum_bacc: 4.996715897076152
sum_TPR: 4.4533323961499125
