task_num:20
con_layer1:128
con_layer1_filter:8
con_layer2:64
con_layer2_filter:4
lstm_layer:64
drop:0.2
r_drop:0.2
l2_value:0.001
shared_layer:576
dense_num:64
Accuracy: 0.9096686950642325 TPR: 0.8353562005277045 TNR: 0.914755282644031 Bacc: 0.8750557415858677
Accuracy: 0.866497633536173 TPR: 0.49770992366412214 TNR: 0.8835868411743898 Bacc: 0.690648382419256
Accuracy: 0.854868154158215 TPR: 0.4197247706422018 TNR: 0.8894890510948905 Bacc: 0.6546069108685462
Accuracy: 0.8878972278566599 TPR: 0.6403940886699507 TNR: 0.9081069221486817 Bacc: 0.7742505054093163
Accuracy: 0.8246788370520622 TPR: 0.18013381369016984 TNR: 0.8699931251583023 Bacc: 0.5250634694242361
Accuracy: 0.8725828262339419 TPR: 0.5785198555956679 TNR: 0.8840264119134589 Bacc: 0.7312731337545634
Accuracy: 0.8435091277890466 TPR: 0.2155887230514096 TNR: 0.870198068654402 Bacc: 0.5428933958529057
Accuracy: 0.9143340094658553 TPR: 0.8924791086350975 TNR: 0.9157459060644233 Bacc: 0.9041125073497605
Accuracy: 0.8640297498309669 TPR: 0.4024691358024691 TNR: 0.8704370179948586 Bacc: 0.6364530768986638
Accuracy: 0.9219405003380663 TPR: 0.9695402298850575 TNR: 0.9189655172413793 Bacc: 0.9442528735632184
Accuracy: 0.878498985801217 TPR: 0.6018680677174547 TNR: 0.8955036423009294 Bacc: 0.748685855009192
Accuracy: 0.8794117647058823 TPR: 0.566619418851878 TNR: 0.9124000298976007 Bacc: 0.7395097243747394
Accuracy: 0.8580459770114942 TPR: 0.43644488579940416 TNR: 0.8888485815860118 Bacc: 0.662646733692708
Accuracy: 0.8627450980392157 TPR: 0.44401913875598087 TNR: 0.8780795514280708 Bacc: 0.6610493450920258
Accuracy: 0.8532792427315754 TPR: 0.44076395105938526 TNR: 0.9059819283998628 Bacc: 0.673372939729624
Accuracy: 0.8777214334009465 TPR: 0.5868869936034116 TNR: 0.8974155356627201 Bacc: 0.7421512646330659
Accuracy: 0.8866801893171061 TPR: 0.6691471093302804 TNR: 0.9003341357381526 Bacc: 0.7847406225342165
Accuracy: 0.8667680865449628 TPR: 0.6 TNR: 0.8668583023334461 Bacc: 0.733429151166723
Accuracy: 0.8741717376605814 TPR: 0.5558927668184117 TNR: 0.8969677208999022 Bacc: 0.726430243859157
Accuracy: 0.8469574036511156 TPR: 0.38997739261492087 TNR: 0.8920002971105995 Bacc: 0.6409888448627602
sum_bacc: 14.391614722080545
sum_TPR: 10.923535574714977
