task_num:12
con_layer1:256
con_layer1_filter:8
con_layer2:64
con_layer2_filter:4
lstm_layer:64
drop:0.2
r_drop:0.2
l2_value:0.001
shared_layer:1024
dense_num:64
Accuracy: 0.8629817444219067 TPR: 0.966412213740458 TNR: 0.858188892819243 Bacc: 0.9123005532798505
Accuracy: 0.8729546991210277 TPR: 0.7954128440366972 TNR: 0.8791240875912408 Bacc: 0.8372684658139691
Accuracy: 0.92315753887762 TPR: 0.9413345275414241 TNR: 0.9216733096866201 Bacc: 0.9315039186140222
Accuracy: 0.867342799188641 TPR: 0.8672156459083891 TNR: 0.867351738611282 Bacc: 0.8672836922598355
Accuracy: 0.878262339418526 TPR: 0.5351985559566786 TNR: 0.8916128125878056 Bacc: 0.713405684272242
Accuracy: 0.8068627450980392 TPR: 0.41044776119402987 TNR: 0.8237118488757313 Bacc: 0.6170798050348806
Accuracy: 0.9026707234617986 TPR: 0.9637883008356546 TNR: 0.8987223321936296 Bacc: 0.9312553165146421
Accuracy: 0.9031102096010818 TPR: 0.7135802469135802 TNR: 0.9057412167952014 Bacc: 0.8096607318543908
Accuracy: 0.969709263015551 TPR: 0.9689655172413794 TNR: 0.9697557471264368 Bacc: 0.9693606321839081
Accuracy: 0.8757606490872211 TPR: 0.7845884413309983 TNR: 0.8813650554419206 Bacc: 0.8329767483864594
Accuracy: 0.9257268424611224 TPR: 0.8102059086839749 TNR: 0.940485721910862 Bacc: 0.8753458152974185
Accuracy: 0.9351588911426639 TPR: 0.5742275810097965 TNR: 0.9707346059570675 Bacc: 0.7724810934834321
sum_bacc: 10.06992245699505
sum_TPR: 9.33137754439306
