task_num:6
con_layer1:128
con_layer1_filter:8
con_layer2:64
con_layer2_filter:4
lstm_layer:72
drop:0.2
r_drop:0.2
l2_value:0.001
shared_layer:576
dense_num:72
Accuracy: 0.7934415145368492 TPR: 0.7694046721929163 TNR: 0.795810740548169 Bacc: 0.7826077063705427
Accuracy: 0.7739012846517918 TPR: 0.8622300058377116 TNR: 0.7684716689991746 Bacc: 0.815350837418443
Accuracy: 0.7072008113590263 TPR: 0.9955431754874652 TNR: 0.6885729710275328 Bacc: 0.8420580732574989
Accuracy: 0.7080459770114943 TPR: 0.9671755725190839 TNR: 0.6960382030420941 Bacc: 0.831606887780589
Accuracy: 0.7568627450980392 TPR: 0.7066392177045805 TNR: 0.760393675145638 Bacc: 0.7335164464251093
Accuracy: 0.7128803245436105 TPR: 0.8458715596330275 TNR: 0.7022992700729928 Bacc: 0.7740854148530101
sum_bacc: 4.779225366105193
sum_TPR: 5.146864203374785
