task_num:6
con_layer1:128
con_layer1_filter:8
con_layer2:64
con_layer2_filter:4
lstm_layer:64
drop:0.2
r_drop:0.2
l2_value:0.001
shared_layer:576
dense_num:64
Accuracy: 0.9411088573360379 TPR: 0.8427480916030534 TNR: 0.9456667845772904 Bacc: 0.8942074380901719
Accuracy: 0.9415483434753211 TPR: 0.6036697247706422 TNR: 0.9684306569343065 Bacc: 0.7860501908524744
Accuracy: 0.8716024340770792 TPR: 0.4343798250128667 TNR: 0.9023410645149619 Bacc: 0.6683604447639143
Accuracy: 0.9133874239350913 TPR: 0.9844011142061281 TNR: 0.9087997120748605 Bacc: 0.9466004131404944
Accuracy: 0.9323867478025692 TPR: 0.5656742556917689 TNR: 0.9549287687946316 Bacc: 0.7603015122432002
Accuracy: 0.8434415145368492 TPR: 0.7893745290128108 TNR: 0.8487707048948971 Bacc: 0.819072616953854
sum_bacc: 4.87459261604411
sum_TPR: 4.220247540297271
