task_num:12
lstm_layer:64
drop:0.2
r_drop:0.2
shared_layer:576
dense_num:128
running time:93.57586693763733
Accuracy: 0.9156862745098039 TPR: 0.8458015267175573 TNR: 0.9189246551114255 Bacc: 0.8823630909144914
Accuracy: 0.8776200135226504 TPR: 0.5908256880733945 TNR: 0.9004379562043796 Bacc: 0.7456318221388871
Accuracy: 0.8933739012846518 TPR: 0.8486341244961935 TNR: 0.8970270962079936 Bacc: 0.8728306103520935
Accuracy: 0.8290060851926978 TPR: 0.6489963973237262 TNR: 0.8416615406882079 Bacc: 0.745328969005967
Accuracy: 0.8056457065584854 TPR: 0.9232851985559567 TNR: 0.8010677156504636 Bacc: 0.8621764571032102
Accuracy: 0.8306626098715348 TPR: 0.27197346600331673 TNR: 0.8544089659547474 Bacc: 0.563191215979032
Accuracy: 0.8905679513184585 TPR: 0.6612813370473538 TNR: 0.9053806010437286 Bacc: 0.7833309690455412
Accuracy: 0.8725828262339419 TPR: 0.6246913580246913 TNR: 0.8760239931448157 Bacc: 0.7503576755847535
Accuracy: 0.9822853279242731 TPR: 0.9540229885057471 TNR: 0.9840517241379311 Bacc: 0.9690373563218391
Accuracy: 0.8964841108857337 TPR: 0.7571511967308815 TNR: 0.9050489826676714 Bacc: 0.8311000896992764
Accuracy: 0.8789046653144016 TPR: 0.7421665174574754 TNR: 0.8963742422509436 Bacc: 0.8192703798542096
Accuracy: 0.8841108857336037 TPR: 0.6205727204220045 TNR: 0.9100869048503305 Bacc: 0.7653298126361675
sum_bacc: 9.589948448635468
sum_TPR: 8.489402519358299
