task_num:12
lstm_layer:64
drop:0.2
r_drop:0.2
shared_layer:576
dense_num:128
running time:91.93450832366943
Accuracy: 0.8738674780256931 TPR: 0.899236641221374 TNR: 0.8726918995401486 Bacc: 0.8859642703807613
Accuracy: 0.8405341446923597 TPR: 0.4706422018348624 TNR: 0.869963503649635 Bacc: 0.6703028527422488
Accuracy: 0.904631507775524 TPR: 0.8875951634572324 TNR: 0.9060225984568692 Bacc: 0.8968088809570508
Accuracy: 0.8454022988505747 TPR: 0.4379825012866701 TNR: 0.8740456634222238 Bacc: 0.6560140823544469
Accuracy: 0.8304935767410413 TPR: 0.6335740072202166 TNR: 0.8381567856139365 Bacc: 0.7358653964170765
Accuracy: 0.7934077079107505 TPR: 0.2562189054726368 TNR: 0.8162402199196448 Bacc: 0.5362295626961409
Accuracy: 0.8406017579445572 TPR: 0.5058495821727019 TNR: 0.8622278207666006 Bacc: 0.6840387014696513
Accuracy: 0.8367139959432048 TPR: 0.7777777777777778 TNR: 0.8375321336760926 Bacc: 0.8076549557269352
Accuracy: 0.9816091954022989 TPR: 0.8844827586206897 TNR: 0.9876795977011494 Bacc: 0.9360811781609195
Accuracy: 0.8810344827586207 TPR: 0.7758318739054291 TNR: 0.8875013456776832 Bacc: 0.8316666097915562
Accuracy: 0.8933062880324544 TPR: 0.7875261116084751 TNR: 0.9068206946509588 Bacc: 0.8471734031297169
Accuracy: 0.8656524678837052 TPR: 0.5802562170308968 TNR: 0.8937829607071233 Bacc: 0.7370195888690101
sum_bacc: 9.224819482695516
sum_TPR: 7.896973741608963
sum_Num_tp: 14318
sum_Num_fn: 7320
