task_num:6
lstm_layer:64
drop:0.2
r_drop:0.2
shared_layer:576
dense_num:128
running time:45.10084342956543
Accuracy: 0.9028059499661933 TPR: 0.9396946564885497 TNR: 0.901096568800849 Bacc: 0.9203956126446993
Accuracy: 0.9112237998647735 TPR: 0.5912844036697248 TNR: 0.9366788321167884 Bacc: 0.7639816178932566
Accuracy: 0.8572684246112238 TPR: 0.5512094698919197 TNR: 0.8787856858559178 Bacc: 0.7149975778739187
Accuracy: 0.8800878972278566 TPR: 0.8289693593314763 TNR: 0.8833903185171855 Bacc: 0.8561798389243309
Accuracy: 0.8982758620689655 TPR: 0.7162872154115587 TNR: 0.9094628054688341 Bacc: 0.8128750104401964
Accuracy: 0.8969574036511156 TPR: 0.645440844009043 TNR: 0.9217484958775904 Bacc: 0.7835946699433167
sum_bacc: 4.852024327719719
sum_TPR: 4.272885948802273
