task_num:12
con_layer1:128
con_layer1_filter:8
con_layer2:64
con_layer2_filter:4
lstm_layer:64
drop:0.2
r_drop:0.2
shared_layer:576
dense_num:128
Accuracy: 0.8898918187964842 TPR: 0.9404580152671755 TNR: 0.8875486381322957 Bacc: 0.9140033266997356
Accuracy: 0.8672751859364436 TPR: 0.7862385321100918 TNR: 0.8737226277372263 Bacc: 0.829980579923659
Accuracy: 0.8910750507099392 TPR: 0.8302731751007613 TNR: 0.896039784985556 Bacc: 0.8631564800431586
Accuracy: 0.8051386071670047 TPR: 0.30622748327328875 TNR: 0.8402142055939501 Bacc: 0.5732208444336194
Accuracy: 0.8189317106152806 TPR: 0.8700361010830325 TNR: 0.8169429615060411 Bacc: 0.8434895312945367
Accuracy: 0.8339418526031102 TPR: 0.29767827529021557 TNR: 0.8567350391203215 Bacc: 0.5772066572052685
Accuracy: 0.8594996619337391 TPR: 0.7816155988857939 TNR: 0.8645312218823106 Bacc: 0.8230734103840522
Accuracy: 0.8677146720757268 TPR: 0.7061728395061728 TNR: 0.8699571550985433 Bacc: 0.7880649973023581
Accuracy: 0.9727518593644354 TPR: 0.85 TNR: 0.9804238505747126 Bacc: 0.9152119252873563
Accuracy: 0.8311020960108181 TPR: 0.8079392877991827 TNR: 0.8325259267233646 Bacc: 0.8202326072612736
Accuracy: 0.8860378634212306 TPR: 0.8206505520740077 TNR: 0.8943917038392619 Bacc: 0.8575211279566348
Accuracy: 0.8790398918187965 TPR: 0.5874152223059533 TNR: 0.9077842977048206 Bacc: 0.747599760005387
sum_bacc: 9.552761247797042
sum_TPR: 8.584705082695676
sum_Num_tp: 15579
sum_Num_fn: 6059
