task_num:12
con_layer1:128
con_layer1_filter:8
con_layer2:64
con_layer2_filter:4
lstm_layer:64
drop:0.2
r_drop:0.2
shared_layer:576
dense_num:128
Accuracy: 0.8437795807978363 TPR: 0.9458015267175572 TNR: 0.8390519985850725 Bacc: 0.8924267626513149
Accuracy: 0.8593644354293442 TPR: 0.5541284403669725 TNR: 0.8836496350364964 Bacc: 0.7188890377017345
Accuracy: 0.8936105476673428 TPR: 0.8611733094491715 TNR: 0.896259187479431 Bacc: 0.8787162484643012
Accuracy: 0.7859026369168357 TPR: 0.4220277920741122 TNR: 0.8114846039729349 Bacc: 0.6167561980235235
Accuracy: 0.8048343475321162 TPR: 0.7572202166064982 TNR: 0.8066872717055352 Bacc: 0.7819537441560167
Accuracy: 0.8043272481406356 TPR: 0.2960199004975124 TNR: 0.8259321914428702 Bacc: 0.5609760459701914
Accuracy: 0.8474983096686951 TPR: 0.8724233983286908 TNR: 0.8458880691020335 Bacc: 0.8591557337153621
Accuracy: 0.8407707910750507 TPR: 0.7901234567901234 TNR: 0.8414738646101114 Bacc: 0.8157986607001174
Accuracy: 0.9776876267748479 TPR: 0.9172413793103448 TNR: 0.9814655172413793 Bacc: 0.9493534482758621
Accuracy: 0.9112237998647735 TPR: 0.7647402218330415 TNR: 0.9202282269350845 Bacc: 0.842484224384063
Accuracy: 0.8780933062880325 TPR: 0.8821247388839153 TNR: 0.8775782530786534 Bacc: 0.8798514959812844
Accuracy: 0.8134888438133874 TPR: 0.7418990203466466 TNR: 0.8205451979499369 Bacc: 0.7812221091482917
sum_bacc: 9.577583709172064
sum_TPR: 8.804923401204586
