task_num:6
con_layer1:128
con_layer1_filter:8
con_layer2:64
con_layer2_filter:4
lstm_layer:64
drop:0.2
r_drop:0.2
shared_layer:576
dense_num:128
Accuracy: 0.8858012170385395 TPR: 0.917557251908397 TNR: 0.8843296781039972 Bacc: 0.9009434650061972
Accuracy: 0.8620013522650439 TPR: 0.6600917431192661 TNR: 0.8780656934306569 Bacc: 0.7690787182749614
Accuracy: 0.8337728194726166 TPR: 0.5419454451878538 TNR: 0.8542895393856063 Bacc: 0.69811749228673
Accuracy: 0.8241717376605815 TPR: 0.498050139275766 TNR: 0.8452402375382401 Bacc: 0.671645188407003
Accuracy: 0.9017241379310345 TPR: 0.7594862813776999 TNR: 0.9104675781390175 Bacc: 0.8349769297583587
Accuracy: 0.8364773495605139 TPR: 0.7596081386586285 TNR: 0.8440540741290945 Bacc: 0.8018311063938615
sum_bacc: 4.676592900127112
sum_TPR: 4.136738999527611
