task_num:6
con_layer1:256
con_layer1_filter:8
con_layer2:64
con_layer2_filter:4
lstm_layer:64
drop:0.1
r_drop:0.1
l2_value:0.001
shared_layer:576
dense_num:128
Accuracy: 0.7465179175118323 TPR: 0.9587786259541985 TNR: 0.7366819950477538 Bacc: 0.8477303105009761
Accuracy: 0.6912778904665314 TPR: 0.9330275229357798 TNR: 0.6720437956204379 Bacc: 0.8025356592781089
Accuracy: 0.7791413116970927 TPR: 0.5753988677303139 TNR: 0.7934652820494265 Bacc: 0.6844320748898702
Accuracy: 0.7077417173766059 TPR: 1.0 TNR: 0.6888608961669965 Bacc: 0.8444304480834983
Accuracy: 0.68657876943881 TPR: 0.6719206071220082 TNR: 0.6874798148347507 Bacc: 0.6797002109783794
Accuracy: 0.5680865449628127 TPR: 0.9340617935192163 TNR: 0.5320136670875734 Bacc: 0.7330377303033948
sum_bacc: 4.591866434034228
sum_TPR: 5.073187417261517
