task_num:6
con_layer1:256
con_layer1_filter:8
con_layer2:64
con_layer2_filter:4
lstm_layer:64
drop:0.1
r_drop:0.1
l2_value:0.001
shared_layer:576
dense_num:128
Accuracy: 0.7846517917511833 TPR: 0.9465648854961832 TNR: 0.7771489211177928 Bacc: 0.861856903306988
Accuracy: 0.8630831643002028 TPR: 0.768348623853211 TNR: 0.8706204379562044 Bacc: 0.8194845309047076
Accuracy: 0.6973968897903989 TPR: 0.7339166237776634 TNR: 0.6948293953757644 Bacc: 0.7143730095767139
Accuracy: 0.768052738336714 TPR: 0.5275766016713092 TNR: 0.7835882670505668 Bacc: 0.655582434360938
Accuracy: 0.7629817444219067 TPR: 0.6544074722708698 TNR: 0.7696558653604622 Bacc: 0.712031668815666
Accuracy: 0.7251521298174443 TPR: 0.825923134890731 TNR: 0.715219490455322 Bacc: 0.7705713126730265
sum_bacc: 4.533899859638041
sum_TPR: 4.456737341959968
