task_num:12
con_layer1:256
con_layer1_filter:8
con_layer2:64
con_layer2_filter:4
lstm_layer:64
drop:0.1
r_drop:0.1
l2_value:0.001
shared_layer:576
dense_num:128
Accuracy: 0.6632183908045977 TPR: 0.9038167938931297 TNR: 0.6520693314467634 Bacc: 0.7779430626699466 TP No.: 1184
FN No.: 126
Accuracy: 0.725422582826234 TPR: 0.8986238532110091 TNR: 0.7116423357664233 Bacc: 0.8051330944887163 TP No.: 1959
FN No.: 221
Accuracy: 0.731947261663286 TPR: 0.9323779668607255 TNR: 0.7155812337733573 Bacc: 0.8239796003170414 TP No.: 2082
FN No.: 151
Accuracy: 0.5000338066260988 TPR: 0.5748841996911992 TNR: 0.49477150197199404 Bacc: 0.5348278508315967 TP No.: 1117
FN No.: 826
Accuracy: 0.6421906693711967 TPR: 0.9584837545126353 TNR: 0.6298819893228434 Bacc: 0.7941828719177394 TP No.: 1062
FN No.: 46
Accuracy: 0.6640297498309669 TPR: 0.46766169154228854 TNR: 0.6723761189821668 Bacc: 0.5700189052622276 TP No.: 564
FN No.: 642
Accuracy: 0.6200473292765382 TPR: 0.762116991643454 TNR: 0.6108691740147562 Bacc: 0.6864930828291052 TP No.: 1368
FN No.: 427
Accuracy: 0.49631507775524003 TPR: 0.7234567901234568 TNR: 0.49316195372750643 Bacc: 0.6083093719254816 TP No.: 293
FN No.: 112
Accuracy: 0.7616632860040567 TPR: 0.9741379310344828 TNR: 0.7483836206896551 Bacc: 0.861260775862069 TP No.: 1695
FN No.: 45
Accuracy: 0.7352603110209601 TPR: 0.7536485697606539 TNR: 0.7341299745218358 Bacc: 0.7438892721412449 TP No.: 1291
FN No.: 422
Accuracy: 0.6848884381338742 TPR: 0.9265890778871978 TNR: 0.6540089214228526 Bacc: 0.7902989996550251 TP No.: 3105
FN No.: 246
Accuracy: 0.7118323191345504 TPR: 0.7516955538809345 TNR: 0.7079031419445889 Bacc: 0.7297993479127617 TP No.: 1995
FN No.: 659
sum_bacc: 8.726136235812957
sum_TPR: 9.627493174041167
sum_Num_tp: 17715
sum_Num_fn: 3923
