task_num:12
con_layer1:256
con_layer1_filter:8
con_layer2:64
con_layer2_filter:4
lstm_layer:64
drop:0.1
r_drop:0.1
l2_value:0.001
shared_layer:576
dense_num:128
Accuracy: 0.6129141311697093 TPR: 1.0 TNR: 0.5949770074283693 Bacc: 0.7974885037141847
Accuracy: 0.6703177822853279 TPR: 0.6577981651376147 TNR: 0.6713138686131387 Bacc: 0.6645560168753767
Accuracy: 0.7575050709939148 TPR: 0.7120465741155396 TNR: 0.7612169524993601 Bacc: 0.7366317633074498
Accuracy: 0.7149763353617309 TPR: 0.5692228512609367 TNR: 0.7252234323551761 Bacc: 0.6472231418080564
Accuracy: 0.4734279918864097 TPR: 0.7996389891696751 TNR: 0.46073335206518684 Bacc: 0.630186170617431
Accuracy: 0.6373225152129818 TPR: 0.62106135986733 TNR: 0.638013674490731 Bacc: 0.6295375171790305
Accuracy: 0.5984787018255578 TPR: 0.7459610027855154 TNR: 0.588950872773079 Bacc: 0.6674559377792972
Accuracy: 0.6142325895875591 TPR: 0.7333333333333333 TNR: 0.612579263067695 Bacc: 0.6729562982005142
Accuracy: 0.7420554428668019 TPR: 0.9741379310344828 TNR: 0.7275502873563219 Bacc: 0.8508441091954023
Accuracy: 0.6243745774171737 TPR: 0.812025685931115 TNR: 0.6128395593354147 Bacc: 0.7124326226332649
Accuracy: 0.6786004056795132 TPR: 0.8988361683079678 TNR: 0.6504632277250372 Bacc: 0.7746496980165025
Accuracy: 0.6128465179175119 TPR: 0.8556895252449134 TNR: 0.5889103468766248 Bacc: 0.7222999360607691
sum_bacc: 8.506261715387279
sum_TPR: 9.379751586188425
