task_num:6
con_layer1:64
con_layer1_filter:8
con_layer2:64
con_layer2_filter:4
lstm_layer:64
drop:0.2
r_drop:0.2
l2_value:0.001
shared_layer:576
dense_num:64
Accuracy: 0.9234140715109573 TPR: 0.589098532494759 TNR: 0.9534854484882771 Bacc: 0.7712919904915181
TP No.: 843
FN No.: 588
Accuracy: 0.9499423298731258 TPR: 0.6384839650145773 TNR: 0.9695910735086751 Bacc: 0.8040375192616263
TP No.: 657
FN No.: 372
Accuracy: 0.962168396770473 TPR: 0.7420362273579013 TNR: 0.9845606455302116 Bacc: 0.8632984364440565
TP No.: 1188
FN No.: 413
Accuracy: 0.956401384083045 TPR: 0.526595744680851 TNR: 0.9708512160228898 Bacc: 0.7487234803518704
TP No.: 297
FN No.: 267
Accuracy: 0.8807958477508651 TPR: 0.5953307392996109 TNR: 0.898786169691025 Bacc: 0.7470584544953179
TP No.: 612
FN No.: 416
Accuracy: 0.8196655132641292 TPR: 0.5128017556693489 TNR: 0.84592750266074 Bacc: 0.6793646291650445
TP No.: 701
FN No.: 666
sum_bacc: 4.613774510209433
sum_TPR: 3.6043469645170485
sum_Num_tp: 4298
sum_Num_fn: 2722
