task_num:6
con_layer1:64
con_layer1_filter:8
con_layer2:64
con_layer2_filter:4
lstm_layer:64
drop:0.2
r_drop:0.2
l2_value:0.001
shared_layer:576
dense_num:64
Accuracy: 0.9908354646206309 TPR: 0.9428095502498612 TNR: 0.9948289394708897 Bacc: 0.9688192448603754
TP No.: 1698
FN No.: 103
Accuracy: 0.9421994884910486 TPR: 0.6091205211726385 TNR: 0.9655188141391106 Bacc: 0.7873196676558745
TP No.: 935
FN No.: 600
Accuracy: 0.9258738277919863 TPR: 0.6977611940298507 TNR: 0.9488177894539314 Bacc: 0.823289491741891
TP No.: 1496
FN No.: 648
Accuracy: 0.9431798806479114 TPR: 0.25918762088974856 TNR: 0.9585930349126095 Bacc: 0.608890327901179
TP No.: 134
FN No.: 383
Accuracy: 0.9709718670076727 TPR: 0.7447432762836186 TNR: 0.992575297688536 Bacc: 0.8686592869860773
TP No.: 1523
FN No.: 522
Accuracy: 0.9808184143222506 TPR: 0.8628539700166574 TNR: 0.9906274527909876 Bacc: 0.9267407114038225
TP No.: 1554
FN No.: 247
sum_bacc: 4.98371873054922
sum_TPR: 4.116476132642375
sum_Num_tp: 7340
sum_Num_fn: 2503
