task_num:6
con_layer1:64
con_layer1_filter:8
con_layer2:64
con_layer2_filter:4
lstm_layer:64
drop:0.2
r_drop:0.2
l2_value:0.001
shared_layer:576
dense_num:64
Accuracy: 0.9054901960784314 TPR: 0.9251336898395722 TNR: 0.9039356749894202 Bacc: 0.9145346824144962
TP No.: 346
FN No.: 28
Accuracy: 0.9394117647058824 TPR: 0.8104166666666667 TNR: 0.9528138528138528 Bacc: 0.8816152597402598
TP No.: 389
FN No.: 91
Accuracy: 0.8809803921568627 TPR: 0.8377281947261663 TNR: 0.8856088560885609 Bacc: 0.8616685254073636
TP No.: 413
FN No.: 80
Accuracy: 0.836078431372549 TPR: 0.25 TNR: 0.8690969345484673 Bacc: 0.5595484672742337
TP No.: 68
FN No.: 204
Accuracy: 0.8647058823529412 TPR: 0.3269230769230769 TNR: 0.893595041322314 Bacc: 0.6102590591226955
TP No.: 85
FN No.: 175
Accuracy: 0.898235294117647 TPR: 0.5939675174013921 TNR: 0.9263225530092096 Bacc: 0.7601450352053009
TP No.: 256
FN No.: 175
sum_bacc: 4.587771029164349
sum_TPR: 3.7441691455568744
sum_Num_tp: 1557
sum_Num_fn: 753
