task_num:6
con_layer1:64
con_layer1_filter:8
con_layer2:64
con_layer2_filter:4
lstm_layer:64
drop:0.2
r_drop:0.2
l2_value:0.001
shared_layer:576
dense_num:64
Accuracy: 0.8874331550802139 TPR: 0.10646900269541779 TNR: 0.942737163580836 Bacc: 0.5246030831381269
TP No.: 79
FN No.: 663
Accuracy: 0.8663992869875223 TPR: 0.6944444444444444 TNR: 0.8769390843738176 Bacc: 0.785691764409131
TP No.: 450
FN No.: 198
Accuracy: 0.8960784313725491 TPR: 0.6609686609686609 TNR: 0.920428838398741 Bacc: 0.790698749683701
TP No.: 696
FN No.: 357
Accuracy: 0.8485739750445633 TPR: 0.6403269754768393 TNR: 0.855615958721091 Bacc: 0.7479714670989651
TP No.: 235
FN No.: 132
Accuracy: 0.8241532976827094 TPR: 0.7549591598599766 TNR: 0.8298755186721992 Bacc: 0.7924173392660879
TP No.: 647
FN No.: 210
Accuracy: 0.8998217468805704 TPR: 0.7893738140417458 TNR: 0.9112728703521542 Bacc: 0.85032334219695
TP No.: 832
FN No.: 222
sum_bacc: 4.491705745792962
sum_TPR: 3.646542057487085
sum_Num_tp: 2939
sum_Num_fn: 1782
