task_num:6
lstm_layer:64
drop:0.2
r_drop:0.2
shared_layer:576
dense_num:128
running time:96.78882098197937
Accuracy: 0.9160322952710496 TPR: 0.41509433962264153 TNR: 0.9610912062354642 Bacc: 0.6880927729290529
Accuracy: 0.9313148788927336 TPR: 0.531584062196307 TNR: 0.9565324014468763 Bacc: 0.7440582318215917
Accuracy: 0.9441753171856978 TPR: 0.7245471580262336 TNR: 0.9665162970963848 Bacc: 0.8455317275613092
Accuracy: 0.9182237600922722 TPR: 0.5354609929078015 TNR: 0.9310920362422508 Bacc: 0.7332765145750262
Accuracy: 0.9355247981545559 TPR: 0.5787937743190662 TNR: 0.9580063756743502 Bacc: 0.7684000749967081
Accuracy: 0.8829873125720876 TPR: 0.5910753474762254 TNR: 0.9079696988668378 Bacc: 0.7495225231715316
sum_bacc: 4.52888184505522
sum_TPR: 3.3765556745482757
sum_Num_tp: 4006
sum_Num_fn: 3014
