task_num:6
lstm_layer:64
drop:0.2
r_drop:0.2
shared_layer:576
dense_num:128
running time:55.784565925598145
Accuracy: 0.852584670231729 TPR: 0.11994609164420485 TNR: 0.9044665012406948 Bacc: 0.5122062964424499
Accuracy: 0.8871657754010696 TPR: 0.24845679012345678 TNR: 0.92631479379493 Bacc: 0.5873857919591934
Accuracy: 0.9123885918003565 TPR: 0.4843304843304843 TNR: 0.9567227304022818 Bacc: 0.7205266073663831
Accuracy: 0.8572192513368984 TPR: 0.6539509536784741 TNR: 0.8640928775453791 Bacc: 0.7590219156119267
Accuracy: 0.8438502673796792 TPR: 0.06884480746791131 TNR: 0.9079417157193863 Bacc: 0.4883932615936488
Accuracy: 0.9004456327985739 TPR: 0.7571157495256167 TNR: 0.9153059216997836 Bacc: 0.8362108356127002
sum_bacc: 3.9037447085863017
sum_TPR: 2.332644876770148
sum_Num_tp: 1857
sum_Num_fn: 2864
