task_num:12
lstm_layer:64
drop:0.2
r_drop:0.2
shared_layer:576
dense_num:128
running time:62.109049797058105
Accuracy: 0.9792156862745098 TPR: 0.893048128342246 TNR: 0.9860347016504444 Bacc: 0.9395414149963452
Accuracy: 0.8872549019607843 TPR: 0.8354166666666667 TNR: 0.8926406926406927 Bacc: 0.8640286796536797
Accuracy: 0.9019607843137255 TPR: 1.0 TNR: 0.9019607843137255 Bacc: 0.9509803921568627
Accuracy: 0.9084313725490196 TPR: 0.7261663286004056 TNR: 0.9279357499457348 Bacc: 0.8270510392730702
Accuracy: 0.8311764705882353 TPR: 0.21814254859611232 TNR: 0.892387319387535 Bacc: 0.5552649339918236
Accuracy: 0.9235294117647059 TPR: 0.7152777777777778 TNR: 0.9359933499584372 Bacc: 0.8256355638681074
Accuracy: 0.8682352941176471 TPR: 1.0 TNR: 0.9171499585749793 Bacc: 0.9585749792874896
Accuracy: 0.7758823529411765 TPR: 1.0 TNR: 0.8419148936170213 Bacc: 0.9209574468085107
Accuracy: 0.9482352941176471 TPR: 0.8055555555555556 TNR: 0.9556518151815182 Bacc: 0.8806036853685368
Accuracy: 0.863921568627451 TPR: 0.12692307692307692 TNR: 0.9035123966942149 Bacc: 0.5152177368086459
Accuracy: 0.7888235294117647 TPR: 0.30718954248366015 TNR: 0.8364576599870718 Bacc: 0.5718236012353659
Accuracy: 0.91 TPR: 0.5707656612529002 TNR: 0.9413150567573356 Bacc: 0.7560403590051179
sum_bacc: 9.565719832453555
sum_TPR: 8.198485286198402
sum_Num_tp: 2023
sum_Num_fn: 2149
