task_num:6
lstm_layer:64
drop:0.2
r_drop:0.2
shared_layer:576
dense_num:128
running time:136.98361372947693
Accuracy: 0.8486786018755328 TPR: 0.06385341476957246 TNR: 0.91393877833695 Bacc: 0.4888960965532613
Accuracy: 0.9227195225916454 TPR: 0.36872964169381106 TNR: 0.9615051311288484 Bacc: 0.6651173864113298
Accuracy: 0.9234015345268543 TPR: 0.5792910447761194 TNR: 0.9580127603677988 Bacc: 0.7686519025719591
Accuracy: 0.9233589087809037 TPR: 0.15087040618955513 TNR: 0.9407662467855119 Bacc: 0.5458183264875335
Accuracy: 0.8489343563512362 TPR: 0.15158924205378974 TNR: 0.9155265001167406 Bacc: 0.5335578710852652
Accuracy: 0.8638959931798806 TPR: 0.42198778456413105 TNR: 0.9006417655478092 Bacc: 0.6613147750559701
sum_bacc: 3.663356358165319
sum_TPR: 1.7363215340469789
sum_Num_tp: 3071
sum_Num_fn: 6772
