task_num:6
lstm_layer:64
drop:0.2
r_drop:0.2
shared_layer:576
dense_num:128
running time:32.0635039806366
Accuracy: 0.9792156862745098 TPR: 0.893048128342246 TNR: 0.9860347016504444 Bacc: 0.9395414149963452
Accuracy: 0.9541176470588235 TPR: 0.7041666666666667 TNR: 0.9800865800865801 Bacc: 0.8421266233766234
Accuracy: 0.8990196078431373 TPR: 0.7789046653144016 TNR: 0.9118732363794226 Bacc: 0.8453889508469121
Accuracy: 0.8154901960784313 TPR: 0.0 TNR: 0.8614333057166529 Bacc: 0.43071665285832644
Accuracy: 0.8672549019607844 TPR: 0.3269230769230769 TNR: 0.8962809917355372 Bacc: 0.611602034329307
Accuracy: 0.8786274509803922 TPR: 0.605568445475638 TNR: 0.9038337973870207 Bacc: 0.7547011214313294
sum_bacc: 4.424076797838843
sum_TPR: 3.3086109827220294
sum_Num_tp: 1402
sum_Num_fn: 908
