task_num:12
lstm_layer:64
drop:0.2
r_drop:0.2
shared_layer:576
dense_num:128
running time:183.0303599834442
Accuracy: 0.8471014492753624 TPR: 0.07107162687395892 TNR: 0.9116302691721686 Bacc: 0.4913509480230638
Accuracy: 0.8454390451832907 TPR: 0.45798045602605864 TNR: 0.8725655644241733 Bacc: 0.665273010225116
Accuracy: 0.9144927536231884 TPR: 0.43524774774774777 TNR: 0.9537446965504519 Bacc: 0.6944962221490998
Accuracy: 0.9021739130434783 TPR: 0.4771455223880597 TNR: 0.9449240007506099 Bacc: 0.7110347615693348
Accuracy: 0.8651747655583972 TPR: 0.39864864864864863 TNR: 0.8965878070973612 Bacc: 0.6476182278730049
Accuracy: 0.8414322250639387 TPR: 0.33580387685290763 TNR: 0.8822906108909979 Bacc: 0.6090472438719527
Accuracy: 0.8921142369991475 TPR: 0.15860735009671179 TNR: 0.9086431591335048 Bacc: 0.5336252546151083
Accuracy: 0.8877237851662404 TPR: 0.12742382271468145 TNR: 0.899606043551669 Bacc: 0.5135149331331752
Accuracy: 0.992838874680307 TPR: 0.9676691729323308 TNR: 0.9943515589697244 Bacc: 0.9810103659510276
Accuracy: 0.8604859335038363 TPR: 0.20733496332518336 TNR: 0.9228578099462993 Bacc: 0.5650963866357414
Accuracy: 0.9120630861040068 TPR: 0.747020585048754 TNR: 0.9261589710372906 Bacc: 0.8365897780430223
Accuracy: 0.884313725490196 TPR: 0.4586340921710161 TNR: 0.9197100512489035 Bacc: 0.6891720717099598
sum_bacc: 7.937829203799606
sum_TPR: 4.842587864826059
sum_Num_tp: 7850
sum_Num_fn: 10540
