task_num:12
lstm_layer:64
drop:0.2
r_drop:0.2
shared_layer:576
dense_num:128
running time:93.96832370758057
Accuracy: 0.8508021390374332 TPR: 0.11185983827493262 TNR: 0.9031303683909143 Bacc: 0.5074951033329235
Accuracy: 0.836541889483066 TPR: 0.39351851851851855 TNR: 0.863696556942868 Bacc: 0.6286075377306932
Accuracy: 0.847860962566845 TPR: 0.2 TNR: 0.9182806324110672 Bacc: 0.5591403162055336
Accuracy: 0.9066844919786097 TPR: 0.5887939221272555 TNR: 0.9396085374250025 Bacc: 0.7642012297761289
Accuracy: 0.8916221033868093 TPR: 0.6533166458072591 TNR: 0.9098934843105269 Bacc: 0.781605065058893
Accuracy: 0.861764705882353 TPR: 0.5925925925925926 TNR: 0.8684018264840183 Bacc: 0.7304972095383054
Accuracy: 0.8499108734402852 TPR: 0.5776566757493188 TNR: 0.85911729475721 Bacc: 0.7183869852532644
Accuracy: 0.8944741532976828 TPR: 0.5641931684334511 TNR: 0.9215119082055733 Bacc: 0.7428525383195121
Accuracy: 0.9117647058823529 TPR: 0.9711246200607903 TNR: 0.908066654042795 Bacc: 0.9395956370517926
Accuracy: 0.7986631016042781 TPR: 0.25670945157526254 TNR: 0.8434816172922899 Bacc: 0.5500955344337762
Accuracy: 0.8107843137254902 TPR: 0.4420849420849421 TNR: 0.8482914375490966 Bacc: 0.6451881898170193
Accuracy: 0.8695187165775401 TPR: 0.8111954459203036 TNR: 0.8755656108597285 Bacc: 0.843380528390016
sum_bacc: 8.411045874907858
sum_TPR: 6.163045821144626
sum_Num_tp: 4723
sum_Num_fn: 4710
