task_num:12
lstm_layer:64
drop:0.2
r_drop:0.2
shared_layer:576
dense_num:128
running time:131.81005358695984
Accuracy: 0.8986159169550173 TPR: 0.41229909154437455 TNR: 0.9423596706266893 Bacc: 0.677329381085532
Accuracy: 0.8821799307958478 TPR: 0.577259475218659 TNR: 0.90141622218135 Bacc: 0.7393378487000044
Accuracy: 0.9693194925028835 TPR: 0.90748031496063 TNR: 0.9731683410928694 Bacc: 0.9403243280267497
Accuracy: 0.9340253748558247 TPR: 0.5771392879450343 TNR: 0.9703284833852214 Bacc: 0.7737338856651279
Accuracy: 0.8852941176470588 TPR: 0.5727699530516432 TNR: 0.9057450076804916 Bacc: 0.7392574803660674
Accuracy: 0.8928489042675893 TPR: 0.5478841870824054 TNR: 0.9020188265940442 Bacc: 0.7249515068382248
Accuracy: 0.861764705882353 TPR: 0.425531914893617 TNR: 0.8764306151645207 Bacc: 0.6509812650290688
Accuracy: 0.8750865051903114 TPR: 0.012714558169103624 TNR: 0.9611213293587874 Bacc: 0.4869179437639455
Accuracy: 0.9153402537485582 TPR: 0.9045275590551181 TNR: 0.9160132320509679 Bacc: 0.9102703955530429
Accuracy: 0.8942906574394464 TPR: 0.8735408560311284 TNR: 0.8955983325159392 Bacc: 0.8845695942735339
Accuracy: 0.88760092272203 TPR: 0.6825318940137389 TNR: 0.9149130832570905 Bacc: 0.7987224886354147
Accuracy: 0.8938292964244521 TPR: 0.640087783467447 TNR: 0.9155449821573906 Bacc: 0.7778163828124187
sum_bacc: 9.104212500749131
sum_TPR: 7.133766875432899
sum_Num_tp: 8229
sum_Num_fn: 5948
