task_num:6
con_layer1:128
con_layer1_filter:8
con_layer2:64
con_layer2_filter:4
lstm_layer:64
drop:0.1
r_drop:0.1
l2_value:0.001
shared_layer:576
dense_num:128
Accuracy: 0.8637254901960785 TPR: 0.843466107617051 TNR: 0.8655478031303036 Bacc: 0.8545069553736773 TP No.: 1207
FN No.: 224
Accuracy: 0.9023068050749712 TPR: 0.6326530612244898 TNR: 0.9193182514867267 Bacc: 0.7759856563556082 TP No.: 651
FN No.: 378
Accuracy: 0.9197231833910035 TPR: 0.8282323547782636 TNR: 0.9290297985894911 Bacc: 0.8786310766838774 TP No.: 1326
FN No.: 275
Accuracy: 0.8757208765859285 TPR: 0.5301418439716312 TNR: 0.8873390557939914 Bacc: 0.7087404498828114 TP No.: 299
FN No.: 265
Accuracy: 0.8569780853517878 TPR: 0.8346303501945526 TNR: 0.8583864639529181 Bacc: 0.8465084070737353 TP No.: 858
FN No.: 170
Accuracy: 0.8902537485582468 TPR: 0.662033650329188 TNR: 0.9097852626306893 Bacc: 0.7859094564799387 TP No.: 905
FN No.: 462
sum_bacc: 4.850282001849648
sum_TPR: 4.331157368115177
sum_Num_tp: 5246
sum_Num_fn: 1774
