task_num:12
con_layer1:128
con_layer1_filter:8
con_layer2:64
con_layer2_filter:4
lstm_layer:64
drop:0.1
r_drop:0.1
l2_value:0.001
shared_layer:576
dense_num:128
Accuracy: 0.8966325660699063 TPR: 0.7484730705163798 TNR: 0.9089523985410222 Bacc: 0.828712734528701 TP No.: 1348
FN No.: 453
Accuracy: 0.8839300937766411 TPR: 0.5166123778501629 TNR: 0.9096465222348917 Bacc: 0.7131294500425274 TP No.: 793
FN No.: 742
Accuracy: 0.9400682011935209 TPR: 0.8502252252252253 TNR: 0.9474266740453791 Bacc: 0.8988259496353022 TP No.: 1510
FN No.: 266
Accuracy: 0.9095907928388747 TPR: 0.5666977611940298 TNR: 0.9440795646462751 Bacc: 0.7553886629201525 TP No.: 1215
FN No.: 929
Accuracy: 0.8696078431372549 TPR: 0.4175675675675676 TNR: 0.9000454959053685 Bacc: 0.6588065317364681 TP No.: 618
FN No.: 862
Accuracy: 0.8393009377664109 TPR: 0.40421892816419613 TNR: 0.8744586750207316 Bacc: 0.6393388015924639 TP No.: 709
FN No.: 1045
Accuracy: 0.9080988917306053 TPR: 0.2901353965183752 TNR: 0.9220241467985878 Bacc: 0.6060797716584815 TP No.: 150
FN No.: 367
Accuracy: 0.925618073316283 TPR: 0.44321329639889195 TNR: 0.9331572795359107 Bacc: 0.6881852879674013 TP No.: 160
FN No.: 201
Accuracy: 0.9390451832907076 TPR: 1.0 TNR: 0.9353818346136467 Bacc: 0.9676909173068233 TP No.: 1330
FN No.: 0
Accuracy: 0.9364023870417733 TPR: 0.6493887530562347 TNR: 0.9638104132617324 Bacc: 0.8065995831589836 TP No.: 1328
FN No.: 717
Accuracy: 0.8530690537084399 TPR: 0.3873239436619718 TNR: 0.8928472286480984 Bacc: 0.6400855861550351 TP No.: 715
FN No.: 1131
Accuracy: 0.9052855924978687 TPR: 0.43864519711271516 TNR: 0.9440879080289949 Bacc: 0.691366552570855 TP No.: 790
FN No.: 1011
sum_bacc: 8.894209829273196
sum_TPR: 6.712501517265749
sum_Num_tp: 10666
sum_Num_fn: 7724
