task_num:6
con_layer1:128
con_layer1_filter:8
con_layer2:64
con_layer2_filter:4
lstm_layer:64
drop:0.1
r_drop:0.1
l2_value:0.001
shared_layer:576
dense_num:128
Accuracy: 0.8227272727272728 TPR: 0.36522911051212936 TNR: 0.8551250238595152 Bacc: 0.6101770671858222 TP No.: 271
FN No.: 471
Accuracy: 0.8250445632798574 TPR: 0.36728395061728397 TNR: 0.8531025349981082 Bacc: 0.610193242807696 TP No.: 238
FN No.: 410
Accuracy: 0.8754010695187165 TPR: 0.6704653371320038 TNR: 0.8966263401199961 Bacc: 0.7835458386259999 TP No.: 706
FN No.: 347
Accuracy: 0.8467914438502674 TPR: 0.7111716621253406 TNR: 0.8513774993089468 Bacc: 0.7812745807171437 TP No.: 261
FN No.: 106
Accuracy: 0.8245989304812834 TPR: 0.25670945157526254 TNR: 0.8715622889124771 Bacc: 0.5641358702438698 TP No.: 220
FN No.: 637
Accuracy: 0.89349376114082 TPR: 0.7998102466793169 TNR: 0.9032067676568956 Bacc: 0.8515085071681062 TP No.: 843
FN No.: 211
sum_bacc: 4.200835106748638
sum_TPR: 3.170669758641337
sum_Num_tp: 2539
sum_Num_fn: 2182
