task_num:6
con_layer1:128
con_layer1_filter:8
con_layer2:64
con_layer2_filter:4
lstm_layer:64
drop:0.1
r_drop:0.1
l2_value:0.001
shared_layer:576
dense_num:128
Accuracy: 0.7472370766488413 TPR: 0.36792452830188677 TNR: 0.7740981103263982 Bacc: 0.5710113193141425 TP No.: 273
FN No.: 469
Accuracy: 0.7677361853832442 TPR: 0.5524691358024691 TNR: 0.7809307604994324 Bacc: 0.6666999481509508 TP No.: 358
FN No.: 290
Accuracy: 0.7275401069518717 TPR: 0.7198480531813866 TNR: 0.7283367758434149 Bacc: 0.7240924145124008 TP No.: 758
FN No.: 295
Accuracy: 0.7293226381461676 TPR: 0.8583106267029973 TNR: 0.7249608403206487 Bacc: 0.7916357335118229 TP No.: 315
FN No.: 52
Accuracy: 0.6809269162210339 TPR: 0.2613768961493582 TNR: 0.7156228891247708 Bacc: 0.4884998926370645 TP No.: 224
FN No.: 633
Accuracy: 0.7877005347593583 TPR: 0.8567362428842504 TNR: 0.7805429864253394 Bacc: 0.818639614654795 TP No.: 903
FN No.: 151
sum_bacc: 4.060578922781176
sum_TPR: 3.6166654830223486
sum_Num_tp: 2831
sum_Num_fn: 1890
