task_num:12
con_layer1:128
con_layer1_filter:8
con_layer2:64
con_layer2_filter:4
lstm_layer:64
drop:0.1
r_drop:0.1
l2_value:0.001
shared_layer:576
dense_num:128
Accuracy: 0.8325490196078431 TPR: 0.9625668449197861 TNR: 0.8222598391874736 Bacc: 0.8924133420536298 TP No.: 360
FN No.: 14
Accuracy: 0.8670588235294118 TPR: 0.8354166666666667 TNR: 0.8703463203463203 Bacc: 0.8528814935064934 TP No.: 401
FN No.: 79
Accuracy: 0.7843137254901961 TPR: 0 TNR: 0.7843137254901961 Bacc: 0.39215686274509803 TP No.: 0
FN No.: 0
Accuracy: 0.8311764705882353 TPR: 0.742393509127789 TNR: 0.8406772303017148 Bacc: 0.7915353697147519 TP No.: 366
FN No.: 127
Accuracy: 0.7131372549019608 TPR: 0.6479481641468683 TNR: 0.7196463230536985 Bacc: 0.6837972436002834 TP No.: 300
FN No.: 163
Accuracy: 0.8219607843137255 TPR: 0.8333333333333334 TNR: 0.8212801330008312 Bacc: 0.8273067331670823 TP No.: 240
FN No.: 48
Accuracy: 0.6862745098039216 TPR: 0.5 TNR: 0.6967688483844242 Bacc: 0.598384424192212 TP No.: 136
FN No.: 136
Accuracy: 0.6862745098039216 TPR: 0.0 TNR: 0.7446808510638298 Bacc: 0.3723404255319149 TP No.: 0
FN No.: 400
Accuracy: 0.7945098039215687 TPR: 1.0 TNR: 0.7838283828382838 Bacc: 0.891914191419142 TP No.: 252
FN No.: 0
Accuracy: 0.692156862745098 TPR: 0.5576923076923077 TNR: 0.6993801652892562 Bacc: 0.6285362364907819 TP No.: 145
FN No.: 115
Accuracy: 0.6535294117647059 TPR: 0.644880174291939 TNR: 0.6543848308554191 Bacc: 0.6496325025736791 TP No.: 296
FN No.: 163
Accuracy: 0.4837254901960784 TPR: 0.6937354988399071 TNR: 0.4643392589419576 Bacc: 0.5790373788909324 TP No.: 299
FN No.: 132
sum_bacc: 8.159936203886001
sum_TPR: 7.417966499018597
sum_Num_tp: 2795
sum_Num_fn: 1377
