task_num:6
con_layer1:128
con_layer1_filter:8
con_layer2:64
con_layer2_filter:4
lstm_layer:64
drop:0.1
r_drop:0.1
l2_value:0.001
shared_layer:576
dense_num:128
Accuracy: 0.9471014492753623 TPR: 0.8845086063298168 TNR: 0.9523062006556166 Bacc: 0.9184074034927167 TP No.: 1593
FN No.: 208
Accuracy: 0.9187553282182438 TPR: 0.532899022801303 TNR: 0.945769669327252 Bacc: 0.7393343460642775 TP No.: 818
FN No.: 717
Accuracy: 0.8981670929241262 TPR: 0.5951492537313433 TNR: 0.9286451491837118 Bacc: 0.7618972014575276 TP No.: 1276
FN No.: 868
Accuracy: 0.7831628303495312 TPR: 0.6924564796905223 TNR: 0.7852068168940417 Bacc: 0.738831648292282 TP No.: 358
FN No.: 159
Accuracy: 0.9134271099744246 TPR: 0.8029339853300733 TNR: 0.9239785197291618 Bacc: 0.8634562525296176 TP No.: 1642
FN No.: 403
Accuracy: 0.7862745098039216 TPR: 0.42365352581898946 TNR: 0.8164273512165844 Bacc: 0.6200404385177869 TP No.: 763
FN No.: 1038
sum_bacc: 4.641967290354208
sum_TPR: 3.9316008737020485
sum_Num_tp: 6450
sum_Num_fn: 3393
