task_num:12
con_layer1:128
con_layer1_filter:8
con_layer2:64
con_layer2_filter:4
lstm_layer:64
drop:0.1
r_drop:0.1
l2_value:0.001
shared_layer:576
dense_num:128
Accuracy: 0.8505190311418686 TPR: 0.909853249475891 TNR: 0.8451819724684141 Bacc: 0.8775176109721525 TP No.: 1302
FN No.: 129
Accuracy: 0.6579584775086506 TPR: 0.7570456754130224 TNR: 0.6517074366991601 Bacc: 0.7043765560560913 TP No.: 779
FN No.: 250
Accuracy: 0.7837370242214533 TPR: 0.9970472440944882 TNR: 0.7704606714040676 Bacc: 0.8837539577492779 TP No.: 1013
FN No.: 3
Accuracy: 0.658881199538639 TPR: 0.9887570268582137 TNR: 0.6253256242455048 Bacc: 0.8070413255518591 TP No.: 1583
FN No.: 18
Accuracy: 0.7979815455594003 TPR: 0.9305164319248826 TNR: 0.7893087557603686 Bacc: 0.8599125938426256 TP No.: 991
FN No.: 74
Accuracy: 0.7408881199538639 TPR: 0.7973273942093542 TNR: 0.739387839677935 Bacc: 0.7683576169436446 TP No.: 358
FN No.: 91
Accuracy: 0.6705882352941176 TPR: 0.5602836879432624 TNR: 0.6742966142107774 Bacc: 0.6172901510770199 TP No.: 316
FN No.: 248
Accuracy: 0.6102076124567474 TPR: 0.621106166560712 TNR: 0.6091203145810871 Bacc: 0.6151132405708996 TP No.: 977
FN No.: 596
Accuracy: 0.9017301038062284 TPR: 1.0 TNR: 0.895613820142122 Bacc: 0.947806910071061 TP No.: 1016
FN No.: 0
Accuracy: 0.6982698961937717 TPR: 0.9319066147859922 TNR: 0.6835458558116724 Bacc: 0.8077262352988324 TP No.: 958
FN No.: 70
Accuracy: 0.8146482122260669 TPR: 0.7958783120706575 TNR: 0.8171480852176186 Bacc: 0.8065131986441381 TP No.: 1622
FN No.: 416
Accuracy: 0.5813725490196079 TPR: 0.9539136795903438 TNR: 0.5494897639767107 Bacc: 0.7517017217835272 TP No.: 1304
FN No.: 63
sum_bacc: 9.447111118561129
sum_TPR: 10.24363548292682
sum_Num_tp: 12219
sum_Num_fn: 1958
