task_num:12
con_layer1:128
con_layer1_filter:8
con_layer2:64
con_layer2_filter:4
lstm_layer:64
drop:0.1
r_drop:0.1
l2_value:0.001
shared_layer:576
dense_num:128
Accuracy: 0.8642602495543672 TPR: 0.1105121293800539 TNR: 0.9176369536171025 Bacc: 0.5140745414985782 TP No.: 82
FN No.: 660
Accuracy: 0.8327094474153298 TPR: 0.44290123456790126 TNR: 0.856602345819145 Bacc: 0.6497517901935231 TP No.: 287
FN No.: 361
Accuracy: 0.8750445632798574 TPR: 0.4 TNR: 0.9266798418972332 Bacc: 0.6633399209486166 TP No.: 440
FN No.: 660
Accuracy: 0.8960784313725491 TPR: 0.4843304843304843 TNR: 0.9387233205468674 Bacc: 0.7115269024386759 TP No.: 510
FN No.: 543
Accuracy: 0.8739750445632799 TPR: 0.7546933667083855 TNR: 0.8831206218213223 Bacc: 0.8189069942648539 TP No.: 603
FN No.: 196
Accuracy: 0.807843137254902 TPR: 0.762962962962963 TNR: 0.8089497716894977 Bacc: 0.7859563673262303 TP No.: 206
FN No.: 64
Accuracy: 0.8622103386809269 TPR: 0.5422343324250681 TNR: 0.8730304984796831 Bacc: 0.7076324154523757 TP No.: 199
FN No.: 168
Accuracy: 0.8917112299465241 TPR: 0.5901060070671378 TNR: 0.9164015041943882 Bacc: 0.753253755630763 TP No.: 501
FN No.: 348
Accuracy: 0.9936720142602495 TPR: 0.9407294832826748 TNR: 0.9969702707820488 Bacc: 0.9688498770323618 TP No.: 619
FN No.: 39
Accuracy: 0.852584670231729 TPR: 0.41540256709451573 TNR: 0.888738782205925 Bacc: 0.6520706746502203 TP No.: 356
FN No.: 501
Accuracy: 0.9364527629233511 TPR: 0.9025096525096525 TNR: 0.9399057344854674 Bacc: 0.9212076934975599 TP No.: 935
FN No.: 101
Accuracy: 0.9125668449197861 TPR: 0.6280834914611005 TNR: 0.942061774542593 Bacc: 0.7850726330018467 TP No.: 662
FN No.: 392
sum_bacc: 8.931643565935605
sum_TPR: 6.974465711789937
sum_Num_tp: 5400
sum_Num_fn: 4033
