task_num:6
con_layer1:128
con_layer1_filter:8
con_layer2:64
con_layer2_filter:4
lstm_layer:64
drop:0.1
r_drop:0.1
l2_value:0.001
shared_layer:576
dense_num:128
Accuracy: 0.8811764705882353 TPR: 0.893048128342246 TNR: 0.8802369868810833 Bacc: 0.8866425576116647 TP No.: 334
FN No.: 40
Accuracy: 0.7886274509803921 TPR: 0.8354166666666667 TNR: 0.7837662337662338 Bacc: 0.8095914502164503 TP No.: 401
FN No.: 79
Accuracy: 0.7272549019607844 TPR: 0.9148073022312373 TNR: 0.7071847189060126 Bacc: 0.8109960105686249 TP No.: 451
FN No.: 42
Accuracy: 0.7058823529411765 TPR: 0.5 TNR: 0.7174813587406794 Bacc: 0.6087406793703397 TP No.: 136
FN No.: 136
Accuracy: 0.692156862745098 TPR: 0.5576923076923077 TNR: 0.6993801652892562 Bacc: 0.6285362364907819 TP No.: 145
FN No.: 115
Accuracy: 0.706078431372549 TPR: 0.617169373549884 TNR: 0.7142857142857143 Bacc: 0.6657275439177992 TP No.: 266
FN No.: 165
sum_bacc: 4.410234478175661
sum_TPR: 4.318133778482341
sum_Num_tp: 1733
sum_Num_fn: 577
